5216
21 75 30
108 29 24
96 53 7
103 75 36
95 108 33
26 131 42
69 121 10
49 125 30
35 108 19
65 21 10
45 28 42
31 111 7
119 2 36
75 99 1
19 0 8
99 0 45
132 104 7
91 2 40
119 47 36
49 118 9
2 134 10
75 67 27
90 43 36
45 93 42
102 29 23
83 29 27
103 108 10
43 102 27
13 51 35
132 29 36
5 52 45
130 102 30
47 2 27
8 102 36
60 75 36
2 67 36
50 62 33
130 85 44
75 16 24
80 29 36
13 43 19
108 23 12
76 54 44
65 83 24
60 53 7
103 66 45
5 97 30
71 121 10
65 83 36
63 43 14
103 114 36
121 85 44
90 65 34
103 84 36
66 76 35
133 108 13
66 97 18
75 125 10
72 18 30
93 53 7
93 24 28
60 2 36
66 33 18
16 133 45
47 81 24
55 105 7
102 97 27
132 93 42
4 112 7
133 49 35
68 53 7
52 89 42
2 66 45
35 47 19
7 38 7
14 38 7
34 71 24
64 125 24
8 49 35
130 81 36
130 5 12
66 5 35
15 84 12
40 47 14
34 83 22
75 65 19
14 2 24
21 54 44
115 46 20
125 47 27
47 29 24
107 25 12
71 101 10
27 47 36
55 53 7
43 133 45
12 71 13
71 92 10
8 47 13
35 47 36
68 83 13
77 50 17
61 50 17
69 75 10
90 24 28
86 35 30
56 0 0
24 64 24
69 16 10
48 108 13
104 28 42
47 2 10
59 29 30
83 23 27
91 69 36
8 102 19
23 1 42
115 45 14
43 16 10
68 80 42
16 2 36
36 55 45
83 108 23
1 77 42
93 71 34
29 127 27
64 21 23
25 54 44
132 82 42
21 2 24
15 33 30
72 22 7
47 75 40
8 43 36
71 103 1
102 127 36
47 112 36
61 54 44
69 25 41
65 21 19
72 19 16
46 5 35
130 91 36
29 133 45
35 71 13
2 92 10
48 46 28
125 75 27
82 88 42
127 84 42
22 79 45
29 81 27
86 65 13
16 121 36
24 125 24
63 16 15
90 54 3
25 1 42
49 10 7
81 121 27
127 128 42
120 114 30
29 47 27
24 16 22
65 125 27
113 104 38
43 97 36
103 131 1
47 103 32
111 85 44
66 64 19
34 46 24
33 103 13
65 2 24
118 82 2
71 21 19
63 66 14
40 108 33
5 47 30
65 97 27
19 116 25
105 115 11
91 43 10
26 6 25
65 71 40
115 88 43
102 121 36
23 25 7
68 47 36
69 92 10
125 65 27
107 133 45
12 129 7
80 75 36
13 108 19
27 83 36
63 65 20
108 47 30
71 91 24
64 67 36
125 112 36
130 91 30
66 121 36
120 35 45
89 75 13
102 134 10
75 43 10
18 88 14
2 91 27
48 75 20
123 108 33
107 97 30
65 92 10
46 50 10
69 53 7
64 108 7
47 64 19
118 41 2
2 47 36
42 40 39
41 56 42
83 71 19
69 86 41
65 16 24
47 71 27
13 81 35
63 12 15
103 69 33
122 49 30
71 25 36
18 85 3
46 103 19
52 16 36
90 106 7
83 65 32
103 21 23
71 33 27
60 83 13
47 96 27
75 86 27
80 121 36
21 77 12
36 90 30
71 121 7
47 71 1
132 54 44
83 1 27
5 33 12
71 103 40
71 19 1
91 102 36
89 83 13
66 2 35
130 16 36
25 85 44
108 103 10
103 121 7
21 94 12
99 37 45
113 71 33
13 121 36
115 71 20
65 75 23
125 28 45
63 57 15
49 103 30
115 95 7
90 29 19
99 54 44
71 65 40
84 65 13
65 83 23
130 78 12
16 128 36
12 88 42
104 10 7
65 87 7
75 83 24
75 83 7
26 98 45
60 48 42
131 0 8
46 115 10
127 53 7
2 25 36
115 48 15
115 71 36
134 108 10
75 47 19
87 21 10
83 90 10
103 125 36
115 65 14
66 65 36
66 86 18
63 133 15
41 16 36
90 16 36
82 35 42
105 38 7
87 103 10
46 90 10
75 47 36
102 13 45
133 53 7
125 96 27
26 37 8
63 27 43
81 35 45
14 77 41
75 61 1
102 75 36
29 13 45
5 127 12
46 63 10
17 62 33
49 33 30
18 56 14
113 75 18
127 80 30
90 47 33
113 75 33
93 83 19
78 25 7
119 102 36
94 10 7
81 47 27
66 103 36
59 81 30
29 75 36
17 106 7
122 111 7
132 65 13
58 30 22
80 120 35
40 116 7
66 43 36
103 85 44
18 133 14
14 4 41
50 61 33
123 64 33
76 128 12
92 87 10
48 103 19
83 121 27
45 104 7
5 66 45
101 103 24
49 25 12
91 77 27
71 99 1
75 103 24
47 33 36
32 0 0
20 38 7
43 29 7
21 47 24
47 118 45
27 81 36
18 71 14
46 47 19
5 96 12
133 29 19
57 83 36
130 97 12
76 5 21
69 65 10
9 108 13
26 50 25
35 102 19
100 54 3
80 47 19
91 121 36
35 51 35
113 47 24
91 33 27
43 14 36
27 102 35
104 13 42
33 35 30
43 2 32
89 53 7
93 16 35
82 57 42
119 103 36
87 85 44
2 50 10
36 38 7
93 64 19
103 78 36
133 108 19
82 65 36
66 133 42
88 16 36
18 91 14
28 16 36
26 17 25
28 91 19
115 28 14
120 4 12
61 105 8
115 48 8
71 83 19
58 6 22
43 114 27
122 47 30
12 75 13
26 124 25
90 81 19
101 54 33
86 71 13
21 16 10
13 81 36
66 71 19
83 26 1
51 94 12
27 83 13
86 78 42
34 64 33
93 47 19
18 103 14
103 65 19
89 43 36
108 47 24
131 37 8
65 46 24
93 75 34
130 115 30
131 98 45
113 43 24
46 43 35
96 94 42
81 25 36
47 67 27
71 47 23
81 21 10
132 89 42
113 27 38
62 100 25
66 27 42
86 97 42
92 102 10
21 83 30
22 18 30
24 53 7
16 108 10
41 2 36
21 77 36
21 108 23
57 32 42
29 65 27
95 21 33
119 75 36
5 125 30
2 91 10
71 21 23
3 53 7
115 45 15
17 85 44
59 125 30
47 71 36
75 71 19
107 15 7
34 75 22
118 21 13
4 10 7
59 118 30
71 29 27
113 29 24
16 106 7
71 91 36
48 120 35
63 47 14
80 71 13
76 49 21
14 46 10
126 54 44
33 94 42
65 91 10
2 80 45
39 125 36
63 48 15
20 74 38
97 112 42
49 51 7
127 66 30
102 29 32
114 33 42
48 47 28
28 120 35
48 32 42
76 29 30
64 121 10
91 29 10
88 21 13
37 75 13
40 21 33
61 50 25
18 41 14
90 98 8
87 65 10
120 45 45
83 65 27
90 65 33
102 23 27
120 43 30
64 127 36
28 108 19
133 71 13
39 81 36
130 51 7
93 47 13
66 103 18
63 133 14
18 71 33
131 62 42
134 2 10
51 82 45
51 118 4
32 2 36
71 47 19
47 75 19
35 8 42
110 75 33
75 83 33
13 16 19
125 33 27
34 125 24
17 85 33
75 83 10
103 75 33
50 26 33
8 88 42
51 52 45
119 54 44
80 75 13
15 53 7
107 2 30
43 80 45
71 81 24
61 38 7
65 78 36
29 47 36
22 115 39
95 6 7
49 59 5
29 2 36
49 59 31
75 83 36
47 65 40
132 52 42
65 64 10
26 46 33
125 96 36
80 85 44
83 95 10
81 78 27
35 16 19
81 4 36
114 97 42
48 125 36
26 18 25
40 37 8
60 43 36
39 83 36
12 102 36
115 103 20
73 50 11
104 27 42
92 65 10
32 21 13
43 29 36
75 127 36
33 54 44
66 16 35
18 27 14
49 68 45
81 16 10
34 43 22
43 125 10
13 81 19
91 103 10
62 38 7
12 85 44
77 128 7
81 47 36
16 43 27
76 4 12
6 21 33
41 12 42
28 107 35
2 43 10
89 12 42
132 56 42
16 2 32
72 63 30
62 105 8
14 92 10
24 71 33
58 2 10
83 43 27
36 105 45
83 84 36
83 71 40
104 32 42
120 91 36
90 83 33
19 62 7
103 71 36
17 2 36
93 64 28
65 50 10
64 23 12
81 16 27
97 77 42
63 29 14
21 87 10
115 116 7
75 43 24
71 47 27
81 127 27
80 16 19
103 112 36
120 29 30
120 108 30
47 46 23
89 48 42
24 83 33
103 4 36
49 1 12
66 103 19
47 97 27
52 129 7
103 47 33
29 87 10
68 91 36
120 23 12
6 54 44
115 13 43
64 46 10
62 50 25
80 71 19
28 53 7
36 22 7
76 71 30
71 103 19
47 91 27
127 23 42
90 116 7
115 29 36
15 97 30
66 65 13
15 10 7
113 71 22
63 93 15
122 71 30
99 30 25
102 43 10
48 53 7
103 128 36
47 16 10
82 43 36
63 115 3
17 50 7
10 54 44
132 88 42
65 64 19
69 112 41
69 29 10
63 103 14
81 43 10
71 8 45
63 102 14
47 102 24
34 65 33
18 108 33
47 85 44
21 25 36
60 102 36
49 41 45
47 33 27
47 71 19
99 40 25
3 38 7
131 110 25
23 128 7
21 78 36
107 13 45
48 29 19
24 85 44
47 83 27
34 16 22
35 75 19
103 17 36
16 1 36
16 125 10
32 28 42
18 2 14
113 129 38
47 71 32
102 91 10
45 64 13
39 47 13
68 121 36
82 28 42
17 73 37
118 75 13
16 1 27
82 75 36
63 54 3
43 128 36
115 47 33
66 125 36
75 91 10
125 4 36
60 88 7
51 64 30
19 9 45
29 28 45
75 121 36
13 2 36
47 75 27
75 121 7
81 2 32
75 66 45
49 52 45
81 69 36
133 91 35
2 69 36
16 91 36
101 26 33
87 92 10
102 81 23
51 75 30
91 16 36
119 133 42
65 28 45
80 103 13
5 45 45
57 21 13
104 83 36
5 114 30
5 115 30
32 129 7
51 80 45
14 81 10
21 91 24
26 54 44
115 118 43
43 114 36
99 19 42
121 16 27
17 116 7
103 83 40
112 4 42
92 54 44
60 71 13
103 8 45
100 64 33
120 82 45
76 67 12
40 48 14
29 44 1
93 47 34
118 53 7
5 128 12
107 118 4
32 80 42
48 83 19
83 114 27
1 25 7
130 41 45
2 103 10
103 83 27
71 2 36
75 47 27
113 69 22
34 64 24
81 23 36
36 63 39
81 102 10
88 125 36
13 29 36
89 103 13
59 49 12
17 123 33
28 75 36
125 43 10
129 83 13
18 125 14
113 64 18
108 16 36
21 67 36
81 84 27
26 40 25
75 16 10
2 102 27
26 63 25
13 2 19
20 102 38
18 29 14
86 23 42
16 23 27
125 85 44
115 89 14
114 77 42
99 63 25
71 46 23
13 125 36
28 103 13
43 81 10
132 32 42
27 65 19
59 126 11
108 4 36
56 27 42
80 5 35
75 21 10
69 91 10
60 108 13
107 49 21
83 29 36
19 55 45
83 103 27
49 94 12
19 115 25
35 16 35
114 53 7
133 71 36
130 52 45
91 94 27
91 23 27
71 125 7
102 80 45
61 55 8
65 103 23
70 83 34
21 114 12
75 47 40
90 125 36
115 133 43
115 103 36
55 22 36
32 121 36
75 21 19
120 2 36
83 131 1
113 64 33
12 80 42
15 4 12
56 102 36
49 21 30
32 16 36
25 128 7
29 86 36
63 75 14
121 54 44
62 18 25
29 1 27
102 112 36
130 97 30
48 43 19
132 68 42
12 125 36
4 17 17
48 71 19
27 75 13
48 2 36
21 71 30
83 101 10
13 27 42
41 43 36
48 65 13
119 12 42
70 46 34
55 38 7
47 81 36
62 70 8
37 10 7
65 21 23
47 103 10
61 30 25
98 46 13
120 91 30
81 91 32
112 128 42
62 50 17
102 127 27
134 103 10
104 21 13
121 125 27
35 2 36
21 71 10
112 23 42
58 53 7
21 62 1
12 43 36
120 78 12
13 53 7
103 102 24
83 102 36
90 9 8
40 20 14
35 133 42
22 90 30
2 61 45
114 1 42
52 43 36
61 0 8
130 107 12
79 54 44
66 75 19
71 26 1
34 102 24
121 75 10
119 0 0
122 125 30
57 12 42
82 29 36
133 16 36
51 128 12
23 53 7
43 86 36
16 25 27
102 121 10
46 43 10
77 128 42
81 108 10
127 13 30
33 8 30
47 102 27
16 77 27
90 71 33
132 13 42
64 69 33
120 119 45
35 108 13
110 54 44
24 29 22
5 119 45
103 80 45
89 102 36
86 54 44
14 85 44
19 79 8
91 16 23
83 77 27
47 108 19
46 108 10
83 66 45
48 103 34
93 16 19
16 83 10
9 103 28
104 103 13
52 103 36
2 96 36
131 0 45
21 33 30
103 1 27
119 93 42
26 37 45
129 10 7
83 71 1
24 91 22
19 30 25
5 78 12
84 103 13
125 87 7
122 59 5
131 79 45
81 77 27
30 54 44
46 125 10
12 2 36
65 78 27
75 128 27
130 90 30
36 19 16
86 103 13
5 1 12
119 103 13
5 25 12
29 43 27
2 81 36
65 103 27
47 103 24
42 115 30
21 67 12
24 81 24
82 108 13
93 83 36
119 46 13
134 64 10
21 90 10
38 54 44
35 65 19
115 65 33
78 128 7
63 48 43
43 28 45
40 103 14
1 112 7
75 23 27
23 128 42
108 33 30
48 0 0
65 103 32
13 83 13
83 61 1
80 29 35
93 75 19
51 125 30
41 93 42
12 10 7
81 125 27
93 10 7
90 83 34
8 66 42
46 102 35
130 68 45
47 29 10
65 107 45
52 57 42
65 43 27
108 16 24
43 128 27
24 108 20
61 62 7
27 16 19
130 112 12
54 85 44
133 56 42
42 95 39
97 54 44
36 85 44
132 64 13
64 47 30
28 75 19
81 112 27
52 21 13
5 65 30
25 17 17
27 71 36
11 111 7
130 21 30
45 27 42
80 107 35
17 69 33
43 118 45
75 94 36
27 120 35
69 83 10
68 102 36
24 108 33
95 16 36
60 133 42
107 33 30
115 75 36
48 16 35
27 46 13
103 128 27
26 17 17
80 49 35
55 19 36
68 88 42
14 29 38
14 134 10
51 97 12
28 64 13
39 75 13
82 68 42
132 57 42
131 100 25
89 21 13
71 103 32
63 52 15
2 75 27
35 81 19
26 62 42
80 91 19
119 75 13
108 128 12
5 108 30
68 75 36
18 81 14
0 98 7
13 16 36
84 23 42
62 53 7
91 65 36
115 48 14
81 103 36
102 87 7
125 83 27
107 10 7
48 24 28
4 128 7
2 81 10
115 66 14
120 114 12
121 102 27
69 2 10
99 22 16
41 125 36
90 64 28
82 104 7
65 91 36
83 47 24
65 16 36
65 121 36
60 66 42
132 102 36
59 71 30
75 67 36
104 57 42
112 67 42
5 85 44
63 13 15
75 19 1
8 102 35
21 43 24
120 29 36
43 84 36
121 47 10
70 83 13
130 67 12
121 47 36
111 2 10
131 17 17
83 47 19
65 80 45
99 90 25
46 121 10
65 35 45
80 51 35
65 75 36
17 64 33
5 53 7
35 43 19
52 71 36
16 43 10
95 83 36
14 29 10
5 75 30
13 49 35
116 54 44
64 26 1
2 108 10
115 32 15
45 12 42
130 46 30
93 125 36
133 83 36
108 2 36
93 49 35
132 27 42
52 85 44
27 75 19
8 108 19
102 108 10
116 106 7
103 83 36
42 6 30
80 8 42
34 81 22
46 134 10
65 83 40
46 95 10
80 29 19
120 71 30
21 94 36
51 77 12
83 103 36
52 32 42
83 75 10
106 54 44
2 29 32
2 71 27
115 41 43
51 103 30
45 68 42
90 83 36
115 52 43
13 21 19
63 118 14
29 125 10
65 29 27
97 83 13
44 102 11
120 97 30
62 55 8
42 100 39
133 71 19
104 41 42
130 118 45
72 110 30
56 64 13
47 87 7
112 53 7
67 54 44
52 121 36
40 93 14
47 102 36
43 65 27
13 120 35
57 29 36
42 110 30
91 128 27
26 9 45
115 88 14
122 21 30
39 65 36
93 71 36
132 47 36
107 94 12
12 0 0
107 91 30
95 103 33
103 95 10
12 46 13
94 67 42
5 41 45
28 129 7
37 64 13
76 1 12
101 17 36
133 86 33
81 1 36
47 65 36
82 56 42
104 16 36
65 90 10
93 51 35
117 38 7
34 108 33
65 71 36
83 91 27
80 47 13
113 46 18
47 83 23
22 53 7
48 75 19
21 86 12
16 102 32
62 0 8
8 21 19
55 131 36
71 106 7
107 71 30
21 26 1
47 63 10
81 71 36
113 21 24
62 85 44
126 53 7
28 43 36
63 68 15
43 44 11
65 121 10
2 54 44
108 2 10
99 72 16
107 1 12
75 102 27
15 23 12
103 54 44
76 127 12
88 75 13
93 66 42
93 0 0
63 81 14
71 125 10
8 16 36
101 7 33
46 29 35
82 88 7
93 75 13
33 1 42
34 29 22
28 81 19
80 83 36
115 56 15
126 109 7
39 43 36
103 65 32
43 85 44
26 75 33
3 54 44
61 0 45
63 75 20
87 83 10
2 17 36
119 104 7
30 116 7
89 103 36
62 98 45
40 118 14
47 97 36
75 50 10
75 102 36
47 106 7
62 101 17
113 8 38
45 88 42
113 16 18
71 97 27
4 101 17
22 95 30
123 111 7
16 83 36
69 127 41
93 103 28
21 63 10
85 53 7
125 106 7
125 121 7
17 101 27
40 41 14
113 16 38
93 27 42
90 47 34
61 55 45
125 128 36
61 79 8
83 112 36
16 84 36
52 88 42
40 46 33
110 71 33
75 28 45
63 125 15
68 47 13
14 16 10
78 54 44
9 65 28
90 81 36
103 83 24
71 47 40
26 101 25
91 112 36
13 21 13
60 75 13
43 16 36
80 64 13
72 105 45
46 130 35
70 65 13
133 75 13
82 81 36
47 1 36
81 29 27
52 71 13
56 75 13
125 1 27
71 84 36
21 25 12
45 71 36
103 90 10
21 19 1
103 47 32
72 90 30
103 108 19
16 127 36
83 103 24
113 91 38
75 114 27
104 71 13
5 82 45
8 71 36
102 29 27
20 11 38
64 90 10
107 29 30
102 77 27
83 13 45
13 65 36
96 66 30
15 33 12
69 81 24
64 131 1
57 8 42
61 110 25
93 64 13
47 65 1
107 115 30
120 46 30
102 2 32
131 18 25
107 90 30
49 5 5
68 8 42
0 64 13
8 21 13
59 107 9
130 16 30
63 118 43
17 19 33
8 85 44
115 81 36
43 102 23
19 101 25
41 81 36
115 65 36
125 29 27
48 54 44
64 114 36
29 91 36
75 46 19
93 47 20
84 10 7
47 128 36
71 94 36
65 102 36
47 81 10
43 134 10
49 77 12
49 15 7
119 13 42
27 85 44
81 91 10
88 47 13
81 114 27
35 91 19
63 54 44
113 103 33
96 112 42
115 133 15
99 47 20
72 95 30
80 28 42
81 83 27
103 71 1
29 91 32
99 79 45
68 81 36
75 78 36
123 85 44
72 110 39
104 93 42
110 54 3
60 35 42
83 64 10
78 112 7
132 66 42
41 103 13
2 1 36
70 46 28
115 85 3
127 67 42
63 43 15
104 80 42
2 4 36
35 5 35
21 108 19
46 17 10
104 60 42
95 71 36
91 84 36
15 77 12
75 83 40
81 1 27
82 12 42
81 112 36
49 29 30
125 75 10
28 71 19
52 13 42
110 6 7
21 65 10
50 17 36
16 29 27
131 105 45
12 47 13
108 103 30
26 105 8
32 29 36
27 65 13
93 46 19
52 45 42
33 133 30
43 65 36
91 29 36
35 49 35
81 121 36
91 65 27
115 108 33
6 103 33
28 86 33
46 19 1
59 43 30
65 121 27
110 21 33
23 54 44
17 14 33
66 125 19
46 71 10
98 65 13
134 81 10
115 12 15
20 81 38
90 83 28
88 29 36
82 0 0
115 13 14
33 84 42
49 23 12
64 2 36
83 75 40
9 64 28
107 16 30
81 2 36
40 119 14
90 103 19
5 86 12
5 107 12
82 47 13
81 71 27
62 17 25
62 79 45
21 95 10
122 75 30
35 103 19
115 104 15
21 61 1
29 23 36
104 46 13
50 123 33
2 29 36
80 65 13
19 40 25
121 106 7
40 64 33
9 103 34
29 71 27
16 125 27
64 83 24
103 47 36
29 121 7
103 97 36
60 57 42
80 71 36
64 87 10
13 130 35
81 29 32
42 40 30
8 10 7
81 118 45
66 102 19
49 54 44
63 132 15
91 86 27
81 67 27
27 107 35
32 81 36
130 65 30
61 17 25
107 77 12
43 47 27
28 125 19
12 75 36
32 75 13
78 101 17
89 57 42
70 108 28
108 53 7
63 12 43
27 2 19
109 38 7
5 112 12
65 66 45
61 70 45
66 2 19
27 46 19
115 46 33
63 20 14
104 81 36
69 85 44
93 56 42
91 67 36
21 4 12
65 47 10
91 96 27
73 2 10
17 65 33
115 35 14
35 56 42
115 45 43
0 47 13
64 43 24
28 102 35
81 103 10
89 88 7
5 4 12
119 82 7
102 86 36
78 1 42
71 35 45
35 28 42
129 75 13
8 29 36
75 71 24
29 65 10
8 2 35
51 83 30
63 41 14
49 75 30
13 29 19
69 1 41
64 16 10
67 128 42
35 86 33
57 80 42
59 5 6
60 80 42
11 52 41
66 12 7
37 83 13
120 67 12
69 87 10
103 83 19
103 46 1
133 91 19
71 83 7
113 43 38
82 10 7
29 33 36
91 84 27
8 54 44
46 103 10
130 33 12
63 13 43
24 75 33
21 75 10
115 70 8
92 134 7
19 70 8
26 53 7
76 10 7
13 88 42
125 83 10
115 57 15
115 66 15
125 65 36
103 50 36
97 13 30
71 81 10
18 116 7
83 16 27
70 64 13
65 4 27
2 75 10
125 112 27
46 2 35
102 2 27
84 17 17
108 63 10
28 65 13
89 8 42
46 101 10
16 96 27
52 56 42
72 63 39
13 43 35
29 71 36
63 90 3
103 64 10
127 4 42
47 75 33
15 114 30
119 65 13
8 86 33
13 102 36
127 54 44
14 33 41
131 19 42
125 134 10
86 128 42
47 67 36
114 25 42
91 87 7
108 115 10
97 8 30
125 43 36
115 68 43
72 53 7
130 59 5
68 16 36
93 108 19
97 94 42
84 4 42
43 121 10
64 25 12
43 35 45
68 54 44
102 71 27
63 71 14
63 85 3
41 88 7
107 81 30
2 25 27
132 65 36
89 46 13
45 46 13
48 75 34
64 65 10
17 108 33
83 91 36
84 50 17
83 92 10
124 85 44
8 56 42
24 75 24
104 2 36
103 16 36
61 98 45
35 46 19
65 43 10
26 19 42
75 21 23
119 35 42
47 75 24
8 47 36
81 75 27
63 106 7
19 105 45
115 35 43
43 91 10
95 83 33
21 128 36
122 38 7
21 50 10
47 54 44
64 95 10
66 108 19
14 81 24
119 88 42
75 64 19
75 65 32
29 4 36
65 83 19
22 115 30
97 28 30
88 102 36
17 21 33
129 103 13
25 4 42
89 91 36
104 71 36
2 23 36
23 77 42
2 103 36
0 103 13
115 68 14
121 87 7
64 115 10
40 28 14
19 18 25
62 0 45
28 46 19
118 49 12
124 54 44
46 64 19
75 127 27
43 71 10
5 80 45
62 101 25
43 91 27
7 19 41
133 102 35
102 106 7
97 128 42
47 121 10
63 21 20
33 65 13
125 71 36
85 54 44
60 45 42
2 87 10
28 2 35
2 83 27
59 2 10
71 28 45
59 73 7
16 46 10
50 2 24
64 84 12
52 75 13
104 65 36
75 65 10
115 28 43
19 37 45
20 53 7
115 104 14
45 88 7
102 29 36
102 91 32
83 43 36
114 13 30
7 99 41
91 29 7
21 114 36
108 21 10
104 35 42
101 116 7
14 91 24
89 133 42
48 129 7
122 108 30
80 65 19
24 14 22
47 65 32
91 71 10
64 47 10
108 33 12
47 65 24
71 108 10
59 5 31
92 29 10
99 42 16
86 66 30
64 33 30
43 25 27
75 118 45
114 112 42
83 121 36
65 83 7
104 48 42
75 77 27
43 127 27
6 116 7
71 17 10
39 2 36
39 54 44
13 71 13
65 13 45
49 82 45
92 64 10
43 96 36
83 46 1
113 21 18
2 47 10
83 47 27
40 69 14
83 64 19
125 23 27
64 77 36
62 116 25
35 81 35
115 83 14
75 96 27
1 94 42
99 36 16
51 68 45
9 47 34
20 123 38
45 133 42
24 54 44
46 91 35
63 121 14
78 50 17
90 47 28
115 21 20
65 84 36
6 108 33
132 35 42
103 83 10
16 71 27
49 108 30
24 102 24
63 68 43
47 1 27
93 43 19
49 71 30
91 61 45
91 128 36
87 108 10
14 91 38
47 108 23
104 129 7
63 91 36
115 118 14
104 133 42
57 129 7
71 65 19
108 78 12
64 108 10
71 64 10
64 81 10
70 75 34
27 129 7
34 69 22
40 60 14
63 103 33
6 64 33
33 85 44
125 16 10
69 128 41
68 28 42
113 2 24
52 65 36
52 53 7
115 21 33
97 84 42
66 102 35
91 106 7
64 75 24
8 83 19
37 71 13
96 13 30
93 121 36
113 91 22
2 125 36
95 43 36
13 47 13
71 61 1
61 101 17
99 0 8
132 119 42
22 110 30
108 54 44
103 65 27
130 114 30
76 23 12
125 102 27
13 103 36
92 85 44
70 108 13
14 54 44
81 121 10
45 75 13
34 29 24
68 21 13
62 9 8
91 125 36
127 78 42
64 67 12
63 45 14
62 55 45
53 54 44
24 83 24
83 97 27
93 65 36
64 128 36
35 71 36
75 16 27
100 103 33
27 51 35
38 53 7
107 102 30
95 71 33
41 8 42
44 91 11
80 130 35
75 65 1
93 21 28
127 1 42
125 16 36
121 103 27
27 125 36
63 119 43
21 84 36
48 88 7
65 103 19
113 47 33
89 93 42
43 91 32
92 91 10
40 8 14
28 88 7
8 71 13
84 101 17
130 8 45
42 6 39
93 83 20
32 133 42
8 76 35
49 112 12
120 102 30
114 94 42
98 54 44
29 121 27
62 9 45
30 85 44
118 107 26
48 43 35
40 54 44
102 46 10
48 102 35
41 91 36
29 96 27
45 65 13
68 48 42
90 47 36
60 91 36
122 91 30
11 31 7
52 91 36
8 91 35
25 84 42
16 65 27
8 103 36
77 4 42
83 4 36
74 85 44
99 9 45
57 104 7
81 44 1
99 50 25
120 16 39
48 91 36
1 101 17
27 102 19
115 27 15
129 46 13
115 68 15
108 75 10
76 65 30
33 128 7
81 106 7
125 127 27
51 54 44
125 102 36
20 91 38
125 67 36
9 71 13
52 88 7
29 102 32
80 103 19
0 53 7
43 64 10
71 54 44
7 131 41
2 114 36
61 9 45
69 67 41
49 65 30
93 2 36
48 71 34
22 38 7
100 65 33
62 105 45
113 108 18
77 25 7
71 75 10
34 75 33
83 19 1
93 103 36
93 103 13
82 13 42
118 76 6
83 29 24
29 77 36
102 44 1
123 21 33
115 2 36
76 83 30
34 21 33
83 118 45
16 102 10
47 108 10
131 9 8
81 77 36
103 65 36
15 128 12
59 108 30
115 56 14
90 75 19
102 91 36
9 75 13
34 16 24
83 33 27
47 62 1
49 59 9
122 53 7
65 81 24
75 43 27
29 2 27
127 128 7
47 114 36
43 2 10
103 29 10
57 47 36
91 92 10
75 16 36
82 48 42
63 82 43
132 71 36
115 119 43
35 29 36
103 75 32
115 93 15
29 112 27
82 85 44
27 91 19
67 85 44
108 62 1
133 43 36
35 125 19
130 2 30
35 71 19
93 12 7
132 47 13
42 38 7
34 81 24
134 92 10
19 124 25
125 91 10
133 27 42
34 91 22
52 46 13
48 51 35
17 2 10
91 46 10
89 104 7
108 91 24
5 126 11
65 102 27
16 75 27
66 83 18
95 54 44
83 134 10
32 35 42
12 65 36
40 80 14
103 83 23
72 79 45
21 92 10
32 71 36
15 25 12
57 103 13
29 102 36
58 50 22
19 50 17
12 65 13
112 101 17
2 81 27
128 53 7
5 54 44
107 128 12
63 125 36
113 45 38
66 102 36
29 91 10
75 65 36
108 84 12
63 2 15
27 71 13
42 110 39
90 29 36
91 103 27
84 128 7
21 15 7
24 69 22
90 43 19
2 121 27
119 83 36
8 103 13
3 85 44
127 94 42
107 47 30
118 54 44
90 65 19
73 53 7
13 16 35
71 47 10
36 95 30
100 106 7
89 88 42
29 114 27
75 84 27
16 35 45
112 85 44
22 100 39
43 23 36
93 91 36
102 125 27
47 86 27
103 29 36
96 25 42
43 69 36
2 118 45
86 10 7
68 32 42
75 103 32
63 13 14
93 8 42
103 2 24
21 1 36
28 76 35
133 102 19
83 43 10
27 125 19
112 128 7
80 102 36
52 82 42
29 75 27
89 2 36
43 33 36
26 64 33
102 128 27
89 29 36
82 119 42
108 127 12
21 112 36
75 64 10
81 91 36
81 97 36
76 81 30
24 46 24
66 56 42
66 71 36
103 84 27
2 28 45
66 2 36
22 6 39
2 112 36
71 16 36
65 112 36
83 86 36
66 83 36
122 73 7
103 26 1
121 87 10
133 0 0
16 14 36
4 67 42
69 94 41
113 63 10
71 91 10
47 81 27
63 85 44
50 85 33
133 21 19
47 114 27
102 23 36
47 4 36
108 61 1
8 91 36
51 15 7
33 97 42
18 66 14
116 85 44
81 33 27
125 102 10
130 29 36
115 104 43
32 103 13
92 134 10
5 2 30
39 75 36
81 33 36
47 64 23
60 41 42
94 25 7
89 83 36
17 7 33
21 91 36
6 75 33
65 29 36
75 2 36
49 114 12
66 46 13
98 83 13
75 83 27
131 98 8
63 29 36
24 47 24
59 51 11
80 21 19
48 64 19
21 10 7
24 34 23
83 81 27
93 81 36
16 87 10
48 13 42
108 25 36
70 46 13
107 130 6
3 111 7
83 133 45
99 79 8
103 91 27
16 66 45
39 65 13
108 67 36
75 125 7
66 129 7
119 28 42
65 81 36
83 29 10
35 102 35
113 12 38
76 85 44
132 103 13
83 35 45
41 47 13
16 29 36
103 64 19
31 54 44
127 33 42
27 121 36
31 2 10
39 83 13
133 47 19
64 102 10
32 43 36
102 77 36
130 71 30
91 2 36
80 108 19
23 4 42
61 79 45
66 71 13
64 108 23
100 6 7
9 85 44
107 68 45
66 65 18
113 80 38
26 85 44
78 77 42
65 114 36
3 120 41
49 119 45
18 83 14
71 75 33
132 43 36
43 112 27
121 81 27
107 65 30
32 103 36
83 99 1
91 127 36
64 2 24
39 29 36
63 69 14
115 121 14
102 81 27
5 15 7
80 88 7
28 49 35
80 76 35
64 91 10
56 71 36
113 34 23
48 8 42
115 103 14
45 75 36
65 46 19
88 47 36
6 54 3
132 21 13
98 53 7
64 71 10
107 53 7
133 81 36
1 53 7
2 13 45
130 84 12
133 16 19
104 64 13
89 65 36
129 0 0
104 83 13
103 43 24
39 85 44
96 114 42
103 102 36
91 16 27
24 65 22
68 13 42
57 133 42
2 65 10
28 81 35
28 133 42
5 33 30
113 66 38
108 83 24
69 91 38
119 21 13
126 2 10
79 53 7
64 33 36
16 81 23
35 21 19
81 94 27
43 54 44
40 35 14
63 56 15
19 85 44
9 83 13
65 103 33
113 103 22
88 103 13
30 65 33
71 65 1
99 19 28
9 47 13
24 71 20
68 103 13
120 94 12
69 114 41
91 81 32
66 54 44
63 82 15
70 98 7
108 77 12
71 62 1
9 65 13
42 100 30
16 81 27
72 40 39
60 103 13
49 78 12
66 83 19
46 71 19
84 85 44
28 65 19
69 78 41
2 16 36
33 75 13
46 26 1
125 2 27
65 108 10
88 53 7
21 121 10
16 86 36
93 129 7
108 78 36
133 88 7
14 127 41
29 81 36
134 125 10
92 71 10
131 55 8
69 4 41
76 91 30
24 103 22
69 33 41
81 28 45
43 102 10
24 43 22
26 79 45
12 133 42
120 103 30
14 86 41
71 103 36
41 85 44
102 114 36
125 121 27
21 125 24
27 10 7
60 103 36
83 85 44
43 83 10
16 91 10
71 4 36
89 54 44
48 85 44
63 103 36
30 103 33
115 91 14
90 65 28
93 71 13
83 106 7
41 46 13
47 125 7
71 65 36
83 47 10
45 21 13
133 64 19
84 67 42
104 52 42
108 81 10
102 43 27
103 108 23
104 75 13
19 50 25
130 108 30
114 78 42
102 16 23
113 54 44
103 83 7
65 94 36
113 41 38
104 88 42
108 90 10
90 37 8
120 81 30
112 77 42
115 57 43
58 124 22
125 81 10
107 126 11
48 103 28
51 43 30
83 78 27
101 2 36
91 1 27
1 128 7
121 16 10
63 47 33
65 63 10
35 54 44
102 83 10
51 53 7
132 85 44
117 54 44
70 85 44
34 83 33
16 85 44
16 78 27
21 125 10
84 54 44
46 16 10
24 81 22
75 4 36
99 70 45
125 108 10
58 110 22
103 83 32
52 29 36
41 29 36
14 69 40
39 47 36
104 56 42
131 17 25
125 128 27
52 93 42
29 77 27
30 108 33
45 81 36
103 23 27
113 83 18
97 80 30
118 0 0
68 35 42
51 132 45
43 29 10
99 105 45
103 102 10
12 27 42
3 2 10
125 121 36
21 33 36
83 47 36
99 70 8
2 91 36
43 96 27
125 16 27
40 90 3
71 29 10
12 47 36
39 108 13
103 47 10
71 75 40
113 103 24
115 12 43
83 121 7
83 2 27
11 54 44
21 102 10
71 65 32
51 114 12
83 62 1
120 51 7
24 64 33
113 65 22
17 2 24
91 16 32
65 77 27
103 71 33
90 39 8
113 14 22
65 106 7
4 50 17
93 21 19
64 21 19
12 16 36
17 26 33
102 64 10
46 81 35
8 65 13
1 54 44
83 87 10
90 54 44
63 119 14
80 53 7
63 16 14
103 112 27
16 92 10
76 125 30
71 83 32
102 83 27
102 16 32
8 88 7
17 99 33
123 83 33
47 28 45
81 87 10
47 71 10
107 86 12
81 23 27
12 13 42
99 18 25
58 54 44
131 90 25
125 78 27
27 5 35
89 47 36
115 93 8
108 84 36
88 83 36
74 111 7
81 85 44
21 47 10
98 10 7
119 32 42
39 71 36
113 133 38
120 125 30
20 3 38
110 103 33
133 76 35
27 47 19
66 86 33
93 35 42
46 29 10
27 21 13
68 10 7
65 8 45
48 133 42
13 65 19
52 28 42
47 77 27
70 53 7
5 64 30
119 121 36
83 21 19
15 86 30
103 107 45
108 131 1
2 46 10
102 84 36
47 14 33
58 115 22
66 43 19
71 47 36
99 105 8
103 65 10
102 54 44
33 4 42
20 16 38
86 112 42
83 78 36
26 38 7
63 80 14
59 21 30
78 17 17
18 121 14
119 71 13
24 103 24
120 118 4
42 55 45
102 133 45
123 65 33
69 29 38
99 61 42
90 93 8
76 96 12
63 108 20
105 54 44
124 90 3
103 21 10
88 65 36
47 90 10
124 106 7
29 54 44
83 16 36
59 107 4
4 25 7
49 45 45
83 125 7
27 29 19
80 2 19
63 82 14
71 50 10
74 38 7
59 16 30
122 51 11
108 16 10
83 64 23
9 83 28
13 83 19
63 65 14
125 84 27
89 64 13
32 13 42
63 121 15
19 62 42
83 75 24
63 68 14
45 43 36
2 121 10
131 50 25
48 49 35
110 46 33
103 62 1
2 64 10
71 131 1
121 29 36
87 43 10
64 114 12
107 84 12
64 81 36
130 86 12
9 71 34
66 130 35
71 77 36
120 16 30
65 108 23
12 35 42
52 133 42
21 97 12
103 115 10
50 2 36
75 54 44
115 119 15
117 53 7
83 50 10
88 0 0
47 46 10
125 103 36
49 97 12
71 23 27
96 97 42
119 83 13
82 8 42
51 112 12
63 89 43
48 83 36
103 65 24
65 54 44
108 86 12
51 96 12
45 102 36
71 43 36
35 125 36
76 25 12
13 29 35
115 132 15
57 125 36
66 21 19
46 83 10
6 106 7
8 130 35
40 102 14
8 83 36
95 75 33
29 112 36
20 90 11
132 83 13
83 81 10
72 85 44
21 53 7
36 110 30
78 4 42
29 21 10
12 81 36
33 67 42
114 133 30
55 85 44
29 78 36
113 102 38
57 10 7
66 0 0
113 47 22
102 43 36
101 14 33
63 102 15
8 91 19
83 71 36
47 25 36
63 71 20
21 16 36
59 130 30
81 128 36
59 90 30
63 65 33
2 106 7
45 56 42
121 2 27
128 85 44
12 28 42
47 25 27
19 100 25
39 46 13
13 103 13
76 84 12
18 65 14
8 2 19
99 54 29
43 47 10
14 121 10
69 2 38
23 50 17
49 122 30
61 115 25
22 105 45
81 13 45
103 43 27
47 75 23
98 108 13
49 13 45
118 132 2
82 103 13
91 75 27
130 80 45
81 54 44
61 85 44
80 2 36
37 47 13
71 75 32
49 35 45
43 86 27
64 2 10
103 2 36
29 16 32
89 56 42
93 16 36
70 24 28
121 43 27
127 8 30
90 108 28
87 64 10
96 84 42
120 1 12
64 1 12
130 118 4
40 66 14
65 71 19
71 102 10
43 65 10
27 29 36
75 78 27
131 6 25
100 46 33
12 103 36
118 103 13
51 118 45
108 75 24
83 67 36
35 102 36
65 71 23
97 47 13
34 103 33
25 53 7
71 96 27
47 94 36
34 65 22
28 2 19
35 83 19
41 75 36
91 1 36
80 64 19
46 81 10
18 75 33
65 75 40
49 46 30
43 1 27
40 104 14
74 31 7
120 47 30
55 36 36
95 91 36
34 108 24
8 16 35
132 45 42
56 83 13
40 44 14
21 43 36
47 99 1
50 103 24
23 94 42
21 128 12
71 25 27
48 103 36
125 94 36
23 112 7
68 65 13
47 17 10
15 94 12
113 2 38
65 86 27
26 50 17
102 125 10
48 130 35
35 85 44
129 108 13
91 102 27
81 64 10
64 127 12
103 121 27
47 83 36
103 121 10
65 64 23
21 85 44
91 64 10
40 2 36
71 67 36
91 65 10
75 128 36
19 17 17
66 107 35
48 56 42
15 67 12
13 91 35
71 67 27
61 17 17
16 94 27
2 47 27
32 85 44
33 10 7
59 64 30
120 15 7
75 14 33
133 43 35
8 51 35
33 13 30
61 19 42
121 91 27
33 112 42
27 103 36
118 71 13
83 43 24
17 103 33
71 43 27
19 105 8
65 86 36
57 88 7
114 23 42
59 65 30
132 108 13
115 132 14
113 34 7
26 0 45
46 14 33
134 71 10
15 112 12
75 33 36
71 125 27
95 65 36
132 129 7
120 41 45
77 54 44
120 86 12
60 29 36
99 85 29
68 57 42
83 108 19
101 54 44
9 103 13
37 85 44
35 2 35
86 4 42
64 85 44
93 83 34
130 28 45
67 128 7
131 54 44
57 71 36
103 81 36
5 29 30
127 112 42
21 102 36
107 108 30
105 53 7
24 47 22
72 100 30
28 83 13
34 21 24
119 47 13
110 106 7
23 10 7
75 13 45
65 103 36
29 43 36
114 47 13
100 47 33
119 10 7
35 10 7
60 54 44
72 6 30
28 21 13
120 133 45
28 54 44
24 34 7
63 45 15
75 71 40
47 96 36
90 103 36
39 91 36
13 102 19
86 85 44
2 17 10
75 8 45
49 85 44
2 103 27
86 13 30
103 64 23
64 16 36
43 112 36
83 86 27
91 29 27
16 71 36
12 121 36
43 121 36
47 66 45
75 94 27
48 107 35
119 53 7
2 29 10
80 43 19
47 23 36
132 133 42
43 33 27
114 103 13
61 124 25
63 35 14
16 21 10
80 0 0
108 29 36
115 119 14
65 75 32
2 83 36
65 47 32
22 40 30
19 38 7
83 103 19
43 23 27
103 17 10
18 12 14
41 13 42
115 91 36
57 27 42
21 81 36
65 71 10
83 128 27
129 64 13
87 75 10
64 94 36
130 45 45
75 2 24
66 10 7
120 25 12
84 128 42
133 65 36
18 35 14
17 75 33
91 67 27
16 81 10
134 65 10
43 97 27
90 64 33
51 28 45
47 112 27
128 54 44
45 80 42
47 21 23
26 71 33
36 90 39
75 65 24
121 83 36
65 102 24
101 131 33
34 47 33
87 47 10
69 43 10
83 102 27
2 102 36
56 10 7
130 103 30
91 118 45
13 103 19
113 81 18
89 125 36
88 10 7
43 102 32
25 50 17
47 61 1
75 77 36
34 2 22
21 64 19
16 47 27
130 60 45
121 75 36
13 54 44
14 1 41
1 4 42
125 46 10
32 83 36
93 47 28
2 43 36
91 78 27
86 75 13
83 2 24
110 108 33
2 16 10
113 108 24
0 54 44
66 81 36
41 71 13
49 8 45
16 29 32
16 2 10
81 2 10
65 61 1
93 108 28
71 66 45
65 131 1
2 1 27
16 128 27
103 16 10
22 40 39
27 88 7
28 91 35
19 0 45
81 4 27
100 71 33
47 83 10
66 29 36
55 62 36
115 103 33
102 78 36
29 85 44
64 77 12
41 57 42
131 70 8
16 112 27
113 64 24
57 43 36
15 97 12
22 63 39
14 78 41
8 16 19
65 1 27
54 53 7
102 103 10
75 112 36
18 118 14
80 125 19
21 108 10
29 97 36
16 125 7
8 46 13
77 53 7
43 92 10
63 60 43
61 98 8
70 10 7
108 4 12
39 16 36
100 108 33
68 88 7
65 47 27
100 75 33
41 108 13
48 108 28
63 44 14
36 63 30
66 91 35
91 71 27
126 51 11
57 48 42
40 83 14
27 49 35
102 16 36
103 46 24
2 44 1
86 84 42
2 128 36
48 81 19
113 35 38
81 125 10
91 102 32
125 29 10
19 63 25
75 108 19
132 71 13
16 54 44
69 102 10
12 91 36
75 102 24
98 75 13
25 77 42
66 108 13
28 83 36
83 87 7
2 29 27
63 28 14
13 108 13
71 83 27
46 108 19
65 71 27
47 80 45
63 88 43
29 106 7
108 71 10
18 75 14
119 80 42
91 97 36
103 71 27
13 65 13
91 43 32
68 71 36
48 28 42
33 53 7
81 43 32
78 85 44
93 65 20
91 83 27
97 25 42
17 131 33
27 88 42
20 43 38
115 0 8
26 61 42
61 37 8
69 96 41
9 10 7
99 101 17
18 132 14
130 35 45
118 46 13
132 125 36
51 102 30
43 71 36
27 102 36
82 80 42
19 79 45
91 75 10
71 86 27
62 54 44
39 103 36
103 102 27
91 47 27
61 105 45
103 133 45
43 108 10
2 16 27
71 75 23
82 47 36
115 75 33
18 82 14
13 43 36
85 54 7
65 23 36
66 43 35
13 46 19
104 65 13
64 21 10
108 92 10
120 52 45
108 10 7
99 38 7
63 75 36
16 103 27
35 47 13
83 91 24
99 101 25
57 103 36
118 10 7
39 102 36
65 75 24
69 91 24
2 67 27
41 53 7
83 17 10
125 47 10
47 71 24
76 94 12
62 63 25
100 21 33
121 71 27
102 67 36
132 41 42
65 95 10
68 43 36
56 129 7
120 81 36
19 98 8
0 83 13
91 29 32
133 51 35
33 83 13
68 0 0
133 121 36
120 5 12
95 65 33
5 102 30
65 128 36
64 71 24
115 43 36
45 29 36
29 25 36
39 0 0
62 70 45
113 118 38
94 112 7
48 16 36
37 54 44
104 119 42
107 67 12
100 85 3
46 62 1
6 83 33
34 125 22
32 65 36
9 46 34
66 83 13
75 71 27
125 66 45
8 47 19
14 97 41
2 23 27
64 97 36
102 47 10
93 5 35
36 6 39
92 125 10
30 47 33
16 81 36
130 47 30
29 80 45
16 44 1
114 66 30
121 2 36
26 105 45
2 65 27
26 98 8
133 29 35
48 103 13
127 86 42
59 103 30
120 64 30
71 1 27
115 98 8
59 83 30
56 85 44
24 91 24
19 55 8
45 71 13
36 110 39
133 2 19
57 16 36
8 27 42
83 16 24
36 79 45
43 2 36
16 33 27
35 29 35
2 127 36
101 61 33
91 125 10
91 43 36
28 5 35
113 85 44
87 106 7
109 54 44
19 53 7
81 96 36
35 66 42
75 46 1
26 0 8
34 2 24
113 46 24
13 133 42
63 91 15
2 85 44
52 10 7
64 112 36
118 68 2
95 85 3
103 33 36
25 112 42
63 104 14
103 1 36
57 66 42
82 133 42
63 46 20
57 65 13
2 128 27
65 99 1
81 121 7
43 103 10
122 126 11
110 85 44
98 64 13
75 83 23
108 114 30
65 83 32
60 93 42
133 85 44
56 47 36
134 43 10
51 81 30
28 66 42
48 46 13
132 10 7
102 121 27
40 81 14
115 8 14
68 66 42
131 115 25
63 64 33
115 35 15
83 69 33
51 35 45
63 133 43
45 82 42
36 100 30
66 91 36
19 90 25
52 103 13
60 27 42
71 65 24
86 53 7
80 2 35
65 25 27
0 85 44
102 81 32
64 23 36
113 83 22
102 86 27
48 71 13
82 66 42
13 91 36
108 71 24
115 6 7
130 43 36
133 43 19
133 75 36
76 16 30
96 35 30
80 91 35
120 128 12
130 25 12
43 87 7
71 102 24
103 106 7
22 110 39
88 75 36
75 121 10
95 64 33
80 46 13
62 90 25
107 43 30
130 13 45
107 118 6
32 46 13
97 65 13
65 67 36
88 71 13
65 43 24
2 29 23
102 71 10
59 38 7
47 125 27
70 47 28
43 81 27
108 21 19
60 81 36
65 103 24
107 28 45
84 94 42
115 66 43
113 68 38
103 96 36
48 71 20
8 29 35
27 81 35
91 112 27
71 29 24
101 62 33
49 115 30
19 98 45
76 53 7
47 21 19
75 2 27
118 108 13
26 47 33
29 4 27
21 69 33
83 102 10
71 46 10
2 101 10
63 104 15
71 16 24
70 47 34
81 75 10
108 81 36
120 83 30
29 33 27
111 53 7
83 4 27
33 71 13
65 127 27
60 85 44
5 21 30
66 75 18
90 71 28
115 125 14
63 91 14
112 54 44
28 102 19
107 5 6
120 66 45
104 8 42
103 47 24
58 63 22
104 88 7
75 33 27
75 103 40
56 65 13
119 29 36
83 71 27
107 33 12
99 83 20
51 33 12
71 94 27
131 95 25
34 53 7
35 83 13
45 54 44
91 47 36
64 102 24
24 47 20
56 88 7
64 15 7
5 67 12
48 47 19
102 2 36
12 88 7
99 65 20
47 91 24
80 125 36
99 50 17
52 108 13
66 88 42
71 87 7
134 54 44
6 85 44
83 47 40
75 96 36
118 47 13
47 102 10
16 71 10
80 102 35
114 85 44
27 91 35
113 65 18
47 26 1
65 102 10
75 17 10
12 83 13
49 86 12
76 118 4
108 67 12
47 83 24
50 14 33
122 16 30
49 59 30
48 64 13
84 112 42
95 102 36
28 10 7
125 83 36
104 108 13
107 66 45
26 9 8
65 75 19
112 50 17
93 103 19
57 83 13
13 83 36
16 69 36
51 66 45
82 121 36
75 91 36
114 4 42
125 121 10
27 43 36
118 64 13
102 87 10
59 118 4
132 12 42
66 29 35
49 67 12
91 23 36
57 85 44
103 101 10
46 51 35
108 64 19
35 75 36
75 43 36
19 95 25
34 102 22
108 125 10
29 118 45
104 89 42
102 112 27
130 29 30
29 103 10
13 86 33
115 57 14
63 119 15
45 8 42
24 83 20
40 27 14
115 32 43
35 0 0
8 75 13
75 46 23
75 87 10
49 66 45
24 71 24
2 77 27
2 16 23
57 121 36
125 67 27
72 115 39
0 10 7
21 71 24
112 1 42
81 130 45
7 53 7
69 14 7
28 0 0
55 72 36
71 46 19
66 85 44
120 33 30
46 85 44
49 132 45
127 85 44
55 61 36
65 23 27
57 28 42
120 84 12
103 71 32
46 83 19
121 125 10
32 75 36
83 46 10
102 128 36
47 19 1
35 64 19
131 70 45
104 102 36
81 125 7
99 37 8
90 71 19
82 91 36
125 114 27
90 70 8
83 28 45
35 53 7
48 27 42
41 102 36
108 128 36
71 81 36
19 101 17
8 43 19
90 6 7
121 91 10
115 75 14
115 71 14
126 85 44
16 81 32
62 30 25
90 108 33
28 103 19
21 75 24
119 81 36
118 129 7
60 47 36
95 106 7
27 103 13
91 131 45
108 1 36
108 1 12
5 86 30
107 21 30
61 101 25
126 38 7
18 60 14
59 47 30
65 112 27
102 43 32
90 71 36
134 21 10
16 86 27
92 16 10
62 6 25
113 83 33
71 83 10
134 102 10
24 65 33
18 20 14
75 25 27
21 112 12
65 133 45
16 121 27
2 133 45
60 0 0
103 46 10
91 114 27
40 13 14
92 47 10
29 102 10
102 78 27
78 10 7
35 81 36
5 91 30
69 71 10
91 80 45
93 21 13
64 96 12
64 91 24
125 77 36
69 103 10
93 102 19
57 75 13
14 2 10
91 121 10
75 25 36
28 56 42
91 108 10
113 29 18
70 54 44
83 65 40
49 97 30
1 50 17
71 69 33
113 56 38
115 48 43
59 91 30
90 91 36
29 8 45
56 91 36
102 85 44
45 108 13
2 121 7
36 6 30
47 13 45
47 65 19
115 16 36
33 77 42
83 65 36
2 83 10
48 81 35
82 71 36
75 46 10
102 94 27
107 46 30
40 85 44
82 16 36
96 133 30
61 6 25
42 22 7
75 85 44
72 90 39
8 120 35
28 43 19
33 128 42
50 116 7
28 130 35
65 85 44
46 76 35
5 118 4
44 85 44
32 56 42
72 18 39
49 107 5
40 132 14
16 43 36
16 75 36
34 71 22
119 27 42
47 43 27
43 84 27
42 54 44
107 52 45
65 114 27
29 65 36
115 82 43
115 102 36
46 65 10
48 65 19
24 2 22
27 47 13
8 65 19
27 53 7
63 83 20
93 29 19
40 85 3
90 16 19
47 115 10
63 6 7
93 43 35
13 10 7
49 4 12
13 85 44
81 102 36
103 86 36
37 98 7
75 108 10
118 60 2
91 43 27
114 75 13
8 83 13
71 14 33
13 66 42
8 43 35
80 83 19
81 46 10
16 78 36
21 91 10
43 106 7
125 71 27
119 66 42
99 85 44
21 103 10
133 64 13
93 2 19
88 64 13
20 111 38
69 46 10
40 65 33
14 112 41
133 107 35
25 23 42
72 55 45
29 46 10
18 46 33
48 125 19
28 85 44
93 91 19
57 91 36
28 29 35
21 84 12
71 2 27
115 88 15
13 12 7
119 125 36
107 45 45
13 56 42
121 2 10
66 120 35
93 107 35
77 67 42
122 85 44
65 26 1
28 103 36
35 91 36
71 1 36
113 43 22
102 1 27
109 73 7
47 103 40
64 102 36
107 23 12
29 103 27
33 47 13
108 19 1
63 60 15
103 75 19
65 75 37
123 75 33
49 107 9
27 16 35
87 29 10
24 65 24
69 23 41
125 92 10
21 114 30
41 75 13
58 18 22
72 95 39
52 47 36
81 83 10
9 70 7
91 85 44
21 103 24
32 91 36
28 75 13
41 104 7
127 28 30
65 33 36
113 81 38
75 29 27
17 50 36
89 80 42
70 65 34
61 116 25
28 27 42
83 121 10
107 83 30
83 125 27
21 47 30
55 99 36
47 83 33
108 64 10
32 53 7
65 121 7
14 43 38
14 125 10
89 66 42
122 64 30
115 125 36
61 53 7
8 53 7
45 103 36
65 75 33
81 65 27
46 49 35
114 8 30
83 46 24
102 14 36
56 103 36
64 16 24
126 73 7
125 80 45
108 114 36
75 103 27
45 10 7
93 29 36
11 38 7
29 108 10
43 75 27
119 89 42
20 54 44
63 46 33
40 103 33
28 47 36
113 57 38
93 81 35
29 69 36
63 41 15
80 81 35
75 84 36
21 65 24
123 71 33
59 53 7
121 81 10
125 54 44
24 46 20
86 80 30
125 8 45
18 47 33
55 54 44
35 88 42
75 47 10
18 89 14
14 103 10
97 66 30
49 118 4
60 46 13
71 46 24
107 96 12
63 103 15
96 77 42
113 125 18
63 83 15
104 47 13
76 2 30
57 65 36
91 103 36
70 71 13
71 121 27
93 48 42
89 81 36
18 45 14
86 77 42
64 103 30
56 125 36
60 104 7
108 103 24
49 53 7
33 25 42
127 133 30
131 53 7
115 60 15
121 103 36
57 75 36
45 35 42
90 75 28
40 88 14
71 86 36
91 2 27
51 4 12
32 64 13
41 71 36
65 81 10
120 33 12
54 38 7
21 17 10
108 75 30
119 16 36
28 21 19
40 125 14
102 25 36
103 75 27
42 18 30
23 85 44
46 2 10
81 2 27
70 65 28
87 16 10
108 81 24
63 56 43
81 114 36
27 81 19
120 65 30
59 115 30
40 54 3
95 116 7
58 38 7
29 102 27
81 25 27
91 81 23
130 102 36
94 128 7
120 68 45
83 94 36
29 25 27
75 47 24
76 77 12
112 78 42
71 118 45
59 75 30
43 47 36
41 129 7
93 65 19
63 16 36
18 28 14
63 66 15
125 103 27
64 29 36
92 43 10
24 16 24
47 83 19
52 75 36
108 83 30
43 16 27
81 78 36
66 16 19
17 83 33
89 71 36
113 52 38
48 65 36
83 112 27
47 50 10
84 78 42
108 97 36
130 127 12
63 28 15
107 112 12
69 102 38
66 51 35
125 81 27
6 46 33
48 65 28
14 53 7
2 94 36
40 83 33
33 23 42
17 47 33
133 10 7
118 52 2
50 54 44
77 10 7
87 102 10
125 78 36
2 65 36
130 2 36
104 103 36
47 75 36
115 80 15
31 53 7
103 35 45
44 73 7
40 18 7
43 25 36
26 79 8
104 68 42
81 96 27
71 102 27
21 2 10
86 47 13
133 125 19
0 71 13
72 54 44
64 33 12
64 83 10
98 21 13
90 75 36
40 2 14
83 114 36
86 33 42
60 10 7
91 97 27
47 2 24
81 29 10
81 71 10
108 69 33
114 67 42
18 8 14
49 91 30
16 13 45
125 75 36
51 10 7
38 85 44
43 16 32
9 47 28
110 64 33
35 21 13
82 46 13
41 83 36
51 8 45
63 27 14
65 83 10
81 91 27
14 87 10
44 2 10
120 8 45
26 103 33
82 102 36
44 38 7
68 75 13
108 94 36
133 120 35
65 75 10
32 27 42
41 68 42
81 66 45
8 121 36
115 60 43
65 16 10
66 47 36
48 83 28
47 69 33
113 125 22
115 2 14
81 94 36
120 16 36
14 29 24
35 121 36
115 43 14
121 102 10
29 91 27
47 23 27
103 71 19
122 115 30
49 83 30
99 6 25
43 121 27
71 80 45
103 71 23
133 91 36
96 28 30
13 125 19
5 71 30
34 85 44
107 59 30
120 85 44
81 102 32
21 83 10
49 86 30
60 21 13
82 83 13
115 14 14
18 102 14
70 71 28
59 49 4
68 46 13
27 75 36
83 127 36
5 46 30
94 85 44
65 17 10
103 81 27
14 67 41
102 96 27
113 82 38
25 67 42
41 64 13
63 132 14
101 50 7
115 81 14
133 75 19
5 35 45
47 46 19
50 101 36
89 10 7
96 127 7
113 125 24
108 96 12
121 65 27
111 54 44
122 43 30
21 16 24
43 127 36
64 61 1
61 95 25
97 10 7
89 129 7
80 54 44
71 47 24
13 46 13
86 25 42
130 1 12
13 71 36
41 121 36
91 47 10
75 114 36
18 47 14
101 106 7
99 116 25
114 80 30
87 54 44
82 60 7
47 43 10
96 23 42
22 90 39
76 107 21
32 8 42
64 63 10
121 21 10
21 43 10
64 71 30
44 43 11
133 65 13
47 94 27
87 134 10
63 8 14
65 108 19
5 68 45
27 83 19
21 78 12
115 52 15
13 75 36
28 83 19
23 78 42
76 43 30
63 12 14
75 91 24
107 103 30
43 78 27
25 10 7
122 2 30
46 131 1
60 89 42
29 16 10
52 60 7
91 81 27
83 63 10
49 90 30
129 53 7
92 81 10
9 71 28
102 33 27
61 9 8
102 4 27
70 103 34
113 75 22
39 103 13
130 23 12
92 108 10
52 66 42
75 103 10
80 86 33
47 134 10
108 15 7
64 112 12
99 62 42
101 2 10
46 106 7
65 14 33
27 91 36
91 94 36
125 77 27
71 125 36
120 80 45
87 125 10
12 8 42
11 85 44
121 91 36
0 65 13
22 55 45
113 91 18
64 62 1
68 108 13
102 92 10
43 44 1
97 103 13
16 47 36
131 105 8
7 54 44
39 10 7
91 77 36
103 71 24
32 83 13
109 2 10
24 29 24
50 19 33
13 2 35
2 91 40
32 102 36
2 87 7
115 75 20
68 27 42
62 115 25
101 50 36
108 33 36
121 92 10
41 103 36
40 6 7
122 49 5
71 112 27
29 84 36
5 13 45
80 81 36
64 19 1
115 80 14
90 48 8
115 47 14
32 65 13
67 53 7
48 83 20
40 29 14
24 71 22
102 1 36
93 76 35
40 71 33
93 65 13
9 75 28
65 83 33
71 16 10
93 28 42
64 29 24
81 133 45
56 65 36
71 102 36
113 48 38
57 81 36
16 97 36
46 91 10
56 16 36
91 81 10
65 2 27
18 13 14
115 20 14
114 54 44
83 21 23
64 10 7
58 90 22
20 73 7
108 102 36
51 108 30
66 103 13
81 67 36
102 84 27
36 115 30
15 1 12
91 44 11
13 88 7
65 84 27
45 125 36
114 128 7
102 97 36
92 121 10
65 62 1
47 95 10
108 65 10
52 119 42
47 127 36
42 53 7
70 64 28
28 91 36
71 114 27
18 80 14
75 83 19
83 77 36
75 86 36
16 114 36
24 83 22
64 84 36
71 65 10
44 53 7
120 60 45
120 10 7
107 64 30
26 115 25
102 21 10
69 47 10
24 108 24
110 116 7
93 130 35
16 29 7
35 12 7
77 85 44
60 82 42
29 81 10
43 75 36
19 9 8
57 53 7
91 121 27
65 128 27
125 25 36
72 115 30
43 125 7
103 118 45
103 47 19
63 52 14
50 106 7
8 64 19
95 75 36
114 28 30
60 83 36
130 15 7
62 95 25
63 66 43
71 90 10
50 7 33
40 56 14
47 121 7
21 14 33
97 75 13
24 47 33
60 13 42
68 64 13
47 2 36
5 10 7
93 71 19
41 65 36
47 128 27
56 83 36
43 125 36
76 97 30
26 95 25
130 82 45
80 75 19
41 65 13
115 19 36
65 67 27
103 21 19
125 35 45
103 81 10
63 71 33
77 17 17
115 54 3
28 65 36
21 1 12
8 81 35
125 118 45
29 78 27
56 12 7
57 54 44
5 81 30
57 2 36
64 78 36
45 60 7
71 63 10
12 64 13
35 27 42
45 129 7
103 47 23
132 81 36
133 46 19
107 78 12
108 86 36
14 81 38
91 81 36
80 16 35
81 83 36
95 81 36
78 53 7
120 96 12
134 85 44
45 65 36
63 65 36
49 64 30
81 47 10
24 64 20
132 88 7
5 23 12
113 132 38
29 87 7
66 16 36
29 96 36
120 102 36
7 62 41
65 125 7
47 84 36
94 54 44
120 81 39
83 80 45
47 16 36
93 54 44
41 48 42
104 29 36
71 128 27
133 12 7
118 83 13
93 13 42
9 98 7
107 114 12
86 94 42
75 83 32
13 129 7
125 13 45
96 54 44
65 69 33
131 63 25
25 78 42
58 101 22
14 47 10
18 37 8
91 66 45
75 103 36
113 115 10
17 61 33
113 119 38
94 101 17
110 47 33
2 125 7
82 65 13
71 78 36
21 103 30
71 13 45
80 129 7
81 16 32
132 83 36
2 125 27
41 88 42
58 40 22
2 94 27
42 90 39
26 83 33
63 47 36
14 23 41
2 121 36
81 87 7
55 42 36
29 83 27
123 2 10
74 53 7
99 98 45
46 47 10
16 4 27
47 103 36
100 85 44
50 54 33
83 2 10
99 71 20
75 46 24
43 91 1
68 125 36
123 54 44
89 32 42
119 91 36
63 102 36
18 85 44
104 132 42
76 15 7
115 29 14
15 78 12
125 43 27
64 125 10
61 131 42
56 53 7
59 111 7
103 91 36
60 52 42
107 82 45
65 127 36
8 71 19
114 71 13
133 47 36
95 125 36
52 64 13
63 8 15
64 4 36
87 81 10
62 110 25
83 1 36
26 116 25
130 94 12
28 51 35
18 69 14
39 64 13
29 94 27
5 51 7
1 10 7
102 47 27
57 0 0
61 100 25
9 108 28
80 27 42
13 47 19
58 100 22
108 121 10
57 93 42
115 83 20
22 85 44
47 75 10
103 91 24
29 1 36
18 54 3
21 64 10
93 133 42
33 78 42
105 85 44
75 71 36
43 66 45
121 83 27
83 8 45
26 21 33
41 21 13
63 88 15
16 127 27
29 97 27
93 81 19
68 12 42
47 83 32
102 65 27
40 75 33
42 105 45
93 2 35
28 16 19
26 90 25
130 77 12
74 54 44
80 66 42
91 86 36
113 71 24
52 81 36
8 46 19
91 114 36
48 46 19
24 21 24
131 38 7
14 83 10
103 63 10
80 10 7
47 87 10
16 118 45
29 83 36
24 103 33
103 75 40
102 35 45
14 96 41
81 86 27
102 67 27
29 83 10
64 43 10
96 67 42
101 69 33
14 43 10
64 75 30
35 64 13
93 102 36
64 99 1
115 69 14
51 41 45
115 82 14
34 54 44
9 0 4
70 75 13
36 54 44
63 21 33
65 33 27
15 86 12
13 0 0
57 46 13
121 47 27
8 108 13
82 89 42
51 2 30
108 26 1
99 100 25
132 91 36
75 71 1
60 16 36
130 86 30
71 77 27
41 32 42
63 64 20
5 132 45
87 121 10
27 29 35
75 81 27
104 53 7
7 85 44
68 104 7
66 47 18
125 23 36
46 21 10
27 21 19
103 75 10
125 114 36
9 54 44
43 67 36
29 103 36
91 14 36
32 10 7
90 91 19
36 115 39
40 45 14
63 83 36
63 125 14
71 83 33
52 27 42
51 71 30
103 65 7
2 86 36
13 75 13
113 21 33
48 76 35
16 83 27
27 2 36
88 129 7
34 47 22
43 83 27
90 21 28
108 99 1
18 64 33
48 16 19
125 2 10
30 64 33
119 43 36
118 45 2
96 128 42
119 88 7
81 84 36
88 83 13
24 38 7
46 61 1
75 64 23
52 83 13
91 43 23
97 78 42
13 64 19
12 56 42
119 56 42
50 69 33
91 71 36
48 47 34
108 134 10
63 75 33
102 66 45
93 83 28
21 96 36
83 75 32
8 64 13
76 33 12
108 71 30
29 92 10
99 17 25
103 4 27
36 100 39
18 65 33
89 65 13
29 67 27
69 81 38
93 71 20
120 97 12
129 85 44
113 102 18
2 102 23
65 16 27
103 71 40
51 60 45
52 54 44
16 2 27
123 103 33
97 71 13
16 125 36
75 1 36
50 99 33
28 102 36
32 12 7
132 0 0
49 107 6
108 29 10
91 102 10
47 64 10
60 65 36
56 2 36
108 114 12
122 2 10
87 46 10
95 47 33
18 21 33
113 103 18
34 83 24
129 21 13
102 75 27
48 75 13
48 75 36
24 46 33
43 81 32
56 54 44
40 65 14
5 94 12
52 102 36
65 47 23
34 103 22
132 75 13
80 43 36
108 65 30
108 23 36
102 47 36
133 54 44
81 128 27
132 121 36
5 60 45
113 81 24
93 108 13
81 14 36
49 128 12
3 73 7
44 54 44
29 66 45
48 91 19
114 86 42
82 27 42
64 83 30
133 88 42
72 38 7
94 4 42
30 106 7
114 35 30
123 53 7
64 96 36
55 26 36
26 65 33
90 46 28
93 88 42
111 73 7
83 102 24
118 65 13
49 33 12
107 4 12
41 10 7
39 129 7
70 21 13
16 28 45
53 85 44
96 1 42
121 103 10
47 84 27
81 29 7
71 127 36
71 127 27
41 66 42
93 43 36
130 119 45
121 29 10
115 37 8
107 119 45
43 103 36
89 35 42
115 60 14
35 129 7
40 57 14
83 71 10
75 80 45
50 85 44
43 67 27
125 33 36
49 96 12
49 47 30
14 102 38
108 14 33
73 85 44
102 83 36
7 26 41
69 54 44
83 25 27
83 103 10
88 2 36
71 114 36
108 87 10
43 1 36
8 75 19
20 59 38
91 127 27
65 71 33
75 81 10
21 127 36
99 103 20
66 88 7
45 85 44
124 115 3
91 134 10
2 16 32
48 29 35
120 13 45
92 83 10
90 47 19
90 46 33
52 8 42
18 106 7
115 8 15
49 118 2
45 13 42
125 87 10
81 43 36
133 103 36
2 50 36
47 16 27
40 106 7
49 127 12
51 21 30
21 97 30
118 85 44
133 47 13
51 119 45
75 4 27
47 83 40
40 14 14
29 125 27
121 46 10
65 47 33
2 75 36
37 46 13
47 121 36
29 86 27
93 75 28
125 91 27
75 102 10
131 116 25
107 127 12
71 134 10
91 13 45
67 10 7
14 114 41
57 35 42
64 1 36
130 33 30
115 27 14
39 21 13
66 75 36
56 43 36
43 29 32
8 65 36
26 108 33
16 91 27
62 98 8
75 91 27
12 93 42
82 75 13
131 9 45
122 54 44
94 128 42
98 85 44
46 21 19
81 97 27
125 2 36
101 85 33
115 8 43
65 115 10
92 2 10
93 120 35
134 91 10
62 37 8
28 81 36
103 134 10
47 8 45
26 101 17
121 125 36
113 102 22
78 128 42
75 26 1
48 12 7
41 133 42
121 29 27
27 108 13
51 1 12
115 132 43
9 21 13
60 65 13
22 95 39
63 81 36
69 125 10
64 43 36
115 41 14
21 86 30
16 4 36
66 75 13
83 33 36
93 103 20
68 29 36
14 84 41
47 125 10
97 23 42
63 132 43
130 114 12
77 94 42
101 2 24
2 81 32
31 38 7
96 33 42
51 86 12
113 47 18
108 43 36
24 2 24
71 103 24
63 88 14
75 81 36
81 16 36
91 16 10
6 85 3
45 121 36
2 77 36
119 48 42
43 77 36
69 102 24
133 2 35
64 81 24
80 16 36
47 103 19
45 91 36
47 133 45
29 16 27
64 86 30
133 130 35
133 81 35
104 91 36
34 47 24
75 65 40
63 57 43
66 81 35
91 4 36
93 103 34
40 82 14
66 35 7
103 2 10
88 54 44
108 43 10
62 40 25
24 102 22
45 119 42
12 48 42
65 46 1
28 71 13
95 29 36
83 65 19
5 16 30
64 47 24
103 87 10
14 16 24
107 97 12
83 75 27
9 75 34
101 85 44
83 96 27
63 35 43
109 85 44
108 102 24
125 97 27
104 85 44
91 83 36
43 87 10
17 46 33
63 89 14
89 108 13
13 5 35
132 28 42
83 75 19
113 65 24
56 21 13
102 118 45
32 54 44
134 47 10
18 68 14
34 71 33
37 103 13
115 12 14
34 14 22
91 2 32
63 57 14
120 21 30
16 121 7
45 103 13
8 12 7
0 75 13
15 54 44
18 57 14
103 16 27
9 83 34
113 32 38
35 43 36
102 103 27
113 46 33
108 96 36
65 91 24
20 2 10
29 47 10
2 43 23
4 54 44
132 60 7
103 75 24
103 87 7
16 97 27
27 103 19
46 64 10
2 33 36
64 86 36
47 43 24
61 40 25
41 82 42
27 43 19
80 56 42
90 125 19
96 78 42
103 16 24
112 94 42
45 0 0
2 29 7
8 81 19
48 10 7
29 128 27
63 80 15
60 28 42
40 47 33
69 2 24
45 83 13
57 56 42
29 128 36
130 10 7
8 129 7
71 83 40
18 43 14
35 107 35
43 94 36
84 47 13
130 66 45
80 13 42
93 32 42
81 75 36
5 118 45
28 88 42
125 25 27
36 95 39
26 100 25
118 119 2
65 47 24
91 54 44
63 47 15
107 114 30
75 125 27
47 77 36
71 97 36
41 28 42
93 29 35
35 65 36
90 75 33
81 103 27
51 25 12
16 29 10
68 129 7
47 35 45
52 65 13
121 75 27
87 71 10
113 29 22
45 89 42
70 71 34
17 54 44
76 102 30
65 94 27
21 97 36
48 71 28
69 29 24
113 28 38
46 120 35
16 103 10
113 16 22
82 71 13
24 21 20
5 103 30
65 75 27
103 65 1
36 18 30
83 65 1
131 79 8
97 4 42
37 21 13
82 32 42
72 40 30
58 85 44
35 29 19
40 43 14
47 86 36
2 102 10
64 4 12
115 90 32
130 96 12
2 131 45
47 127 27
